		creation 

		Eigen				SymMat
1.		0.664				1.243
2.		0.488				1.1
3.		0.492				1.404
4.		0.499				1.089
5.		0.951				1.35
6.		0.711				1.063
7.		0.489				1.074
8.		0.719				1.204
9.		0.754				1.073
10.		0.983				1.269
11.		0.501			1.056
12.		0.499			1.066
13.		0.485			1.074
14.		0.504			1.064
15.		0.499			1.083
16.		0.615			1.357
17.		0.862			1.15
18.		0.507			1.061
19.		0.5				1.06
20.		0.967			1.262
21.		0.492			1.158
22.		0.49			1.071
23.		0.492			1.069
24.		0.508			1.059
25.		0.514			1.079
26.		0.515			1.071
27.		0.865			1.087
28.		0.967			1.141
29.		0.958			1.577
30.		0.866			1.096
31.		0.751			1.088
32.		0.767			1.074
33.		0.49			1.056
34.		0.489			1.064
35.		1.049			1.561
36.		0.497			1.073





	Multiplication

		Eigen*Eigen				Symmat*Eigen

1.		23.188						227.821
2.		19.935						231.48
3.		20.002						239.927
4.		19.433						239.722
5.		32.456						223.967
6.		23.344						226.827
7.		19.658						221.614
8.		22.558						228.647
9.		22.794			221.257
10.		28.823			228.428
11.		19.42			220.37
12.		19.527			221.84
13.		19.426			226.029
14.		19.385			218.578
15.		20.833			234.649
16.		21.628			228.415	
17.		24.347			215.368
18.		19.407			226.278
19.		19.472			223.673
20.		31.589			231.038
21.		24.87			223.584
22.		20.277			224.641
23.		19.573			214.465
24.		19.388			223.412
25.		19.536			220.936
26.		19.388			216.551
27.		27.973			230.218
28.		22.392			219.328
29.		35.037			237.839
30.		24.235			215.56
31.		24.373			223.286
32.		25.239			215.668
33.		19.424			224.129
34.		19.371			222.125
35.		33.693			218.674
36.		19.724			211.385
